2 2 3 5 5 8 11 12 13 14 15 
18 18 19 20 20 23 23 26 26 26 27 
29 31 31 32 32 38 39 43 43 43 47 
50 54 56 66 70 70 73 73 74 76 77 
77 78 86 86 87 87 91 91 91 93 94 
95 95 96 97 98 98 99 103 104 105 106 
108 110 111 118 126 128 128 128 135 137 138 
139 141 141 142 143 147 147 148 148 149 151 
151 151 153 154 156 158 159 161 165 166 167 
168 168 168 168 169 169 169 170 171 173 175 
175 176 179 180 182 182 183 189 189 190 200 
200 201 202 203 203 204 204 207 207 207 208 
211 212 215 218 219 222 225 225 230 231 232 
235 235 236 238 240 243 244 244 244 249 250 
251 252 253 254 255 256 260 261 262 264 265 
268 268 271 272 273 274 275 275 275 277 281 
282 286 288 288 289 291 291 292 292 292 295 
295 297 299 299 302 303 303 310 311 314 314 
314 317 320 320 321 322 328 329 331 332 333 
341 342 343 345 345 349 351 351 352 356 357 
359 360 360 361 361 362 364 366 366 371 372 
373 376 379 381 383 383 388 389 390 391 391 
392 396 396 397 398 401 402 402 406 409 410 
414 414 415 415 418 419 419 419 421 422 422 
424 424 427 429 430 431 432 432 432 433 433 
433 433 434 435 437 438 440 440 441 441 443 
448 448 448 453 454 456 456 458 459 460 461 
462 464 466 467 468 471 473 475 477 477 477 
477 478 480 480 480 480 484 484 484 487 488 
494 495 495 495 498 501 503 504 508 514 515 
516 516 518 520 523 526 527 527 527 528 530 
532 536 537 538 539 539 541 544 547 549 551 
551 556 556 557 559 560 563 564 565 565 566 
567 576 579 580 583 583 590 591 591 592 594 
596 596 598 599 600 601 601 604 609 609 610 
610 611 618 619 621 622 623 625 625 629 630 
633 633 633 634 634 635 637 637 637 638 642 
647 647 649 649 651 651 651 652 653 654 657 
659 661 661 663 665 666 669 672 672 672 675 
676 677 680 682 686 686 686 687 692 693 693 
693 697 699 703 704 705 710 711 711 712 717 
719 720 723 724 724 727 728 730 732 737 737 
737 738 738 738 744 746 746 747 756 760 760 
762 763 766 767 769 770 776 777 778 785 786 
787 792 794 794 796 798 800 801 807 807 807 
810 810 811 812 813 817 818 820 820 821 823 
823 826 830 833 834 835 836 842 843 845 848 
848 849 849 853 860 863 865 865 865 865 867 
870 872 872 873 874 877 877 878 879 890 890 
891 892 893 893 895 898 899 899 900 900 903 
905 907 909 909 912 914 918 920 925 930 931 
933 936 937 938 938 938 940 941 942 943 945 
947 948 952 952 955 956 956 956 956 958 958 
958 961 961 962 966 972 973 974 974 976 976 
977 979 983 983 983 984 984 985 986 989 993 
995 995 997 1004 1006 1007 1013 1014 1017 1019 1019 
1020 1022 1026 1026 1028 1029 1030 1030 1031 1032 1032 
1033 1036 1038 1039 1042 1042 1042 1045 1047 1048 1048 
1053 1053 1054 1055 1056 1064 1064 1065 1066 1067 1071 
1072 1073 1074 1076 1077 1077 1077 1080 1080 1081 1082 
1097 1098 1101 1104 1106 1106 1109 1114 1116 1121 1122 
1122 1127 1128 1129 1131 1131 1136 1137 1138 1139 1140 
1143 1145 1148 1149 1150 1151 1151 1153 1155 1157 1157 
1157 1163 1166 1167 1167 1175 1176 1177 1178 1178 1178 
1179 1179 1180 1182 1182 1183 1183 1185 1187 1187 1188 
1188 1192 1192 1194 1195 1196 1196 1199 1200 1201 1202 
1205 1206 1208 1209 1209 1210 1212 1212 1213 1213 1213 
1214 1215 1219 1219 1219 1220 1223 1224 1224 1224 1226 
1228 1229 1229 1235 1235 1236 1236 1237 1238 1239 1239 
1240 1240 1240 1241 1241 1244 1244 1245 1245 1247 1250 
1251 1251 1252 1252 1252 1254 1255 1257 1259 1260 1266 
1268 1272 1275 1277 1278 1278 1279 1280 1283 1285 1289 
1290 1290 1292 1293 1297 1298 1299 1306 1311 1311 1312 
1312 1313 1313 1314 1315 1315 1316 1317 1317 1318 1319 
1319 1320 1322 1323 1328 1330 1330 1331 1331 1332 1333 
1334 1334 1337 1338 1339 1343 1344 1348 1348 1348 1349 
1350 1350 1351 1354 1354 1356 1357 1357 1358 1359 1361 
1366 1366 1376 1383 1384 1385 1388 1390 1390 1393 1393 
1396 1402 1405 1405 1406 1410 1417 1417 1418 1422 1425 
1427 1429 1430 1430 1430 1430 1431 1432 1433 1434 1436 
1436 1441 1442 1443 1448 1448 1448 1451 1452 1453 1454 
1456 1457 1459 1459 1459 1460 1461 1465 1467 1469 1469 
1471 1471 1471 1474 1474 1475 1477 1481 1482 1482 1485 
1485 1487 1488 1488 1489 1489 1490 1491 1492 1493 1493 
1495 1495 1496 1496 1499 1501 1502 1503 1503 1506 1506 
1507 1508 1511 1512 1521 1521 1522 1523 1524 1526 1526 
1531 1532 1532 1533 1533 1534 1534 1535 1538 1541 1541 
1544 1546 1548 1548 1548 1549 1550 1551 1552 1552 1554 
1554 1556 1563 1566 1567 1568 1569 1570 1571 1571 1572 
1573 1575 1575 1578 1581 1581 1582 1583 1584 1585 1586 
1588 1589 1590 1595 1600 1609 1615 1618 1620 1623 1623 
1624 1624 1625 1625 1626 1628 1630 1633 1635 1640 1641 
1642 1644 1650 1652 1652 1654 1656 1656 1656 1657 1657 
1657 1660 1660 1661 1662 1662 1663 1664 1664 1667 1668 
1669 1671 1671 1671 1672 1673 1673 1674 1676 1681 1682 
1682 1683 1687 1688 1690 1691 1692 1693 1695 1697 1701 
1703 1706 1710 1711 1717 1721 1726 1728 1728 1732 1733 
1739 1739 1741 1742 1745 1746 1747 1747 1748 1752 1754 
1759 1763 1765 1768 1771 1771 1772 1773 1773 1778 1778 
1780 1782 1783 1787 1791 1791 1792 1792 1792 1794 1795 
1795 1796 1798 1799 1799 1801 1802 1805 1809 1810 1810 
1812 1814 1817 1817 1819 1821 1822 1824 1825 1827 1829 
1829 1831 1831 1831 1832 1835 1836 1836 1839 1840 1841 
1846 1846 1847 1847 1848 1849 1850 1852 1852 1856 1858 
1861 1864 1865 1865 1865 1869 1873 1873 1874 1876 1877 
1877 1877 1880 1893 1893 1893 1895 1897 1899 1901 1901 
1903 1904 1905 1905 1905 1906 1909 1909 1910 1910 1910 
1914 1915 1917 1918 1919 1920 1922 1922 1923 1924 1925 
1926 1927 1931 1933 1935 1935 1936 1936 1938 1938 1939 
1939 1940 1940 1941 1942 1942 1946 1947 1948 1948 1948 
1949 1950 1952 1953 1954 1956 1959 1961 1965 1966 1969 
1974 1975 1975 1975 1977 1977 1979 1979 1979 1982 1984 
1984 1985 1986 1987 1990 1994 1996 1996 1996 1997 1999 
2000 2000 2004 2005 2006 2007 2008 2009 2010 2011 2011 
2011 2013 2014 2016 2020 2022 2023 2023 2023 2024 2025 
2026 2026 2028 2028 2029 2031 2032 2032 2034 2036 2037 
2037 2038 2038 2039 2040 2044 2047 2051 2052 2052 2055 
2058 2058 2058 2061 2062 2066 2069 2072 2074 2075 2077 
2077 2078 2078 2079 2080 2082 2084 2086 2086 2088 2091 
2092 2092 2094 2098 2099 2101 2103 2109 2111 2112 2118 
2118 2120 2123 2125 2126 2127 2129 2129 2131 2131 2133 
2134 2134 2135 2137 2137 2137 2141 2141 2142 2142 2144 
2144 2144 2145 2145 2146 2148 2150 2154 2154 2156 2157 
2157 2157 2157 2159 2159 2160 2161 2162 2163 2166 2166 
2167 2167 2167 2167 2172 2173 2173 2174 2177 2178 2180 
2181 2182 2184 2184 2191 2191 2195 2195 2198 2198 2199 
2199 2204 2208 2210 2214 2215 2217 2217 2219 2220 2221 
2223 2223 2225 2227 2228 2230 2231 2231 2231 2231 2234 
2243 2244 2245 2247 2247 2248 2251 2257 2257 2261 2261 
2262 2262 2263 2265 2265 2268 2271 2271 2273 2274 2275 
2275 2276 2276 2277 2277 2280 2286 2286 2287 2287 2289 
2289 2290 2292 2293 2294 2295 2295 2297 2302 2304 2304 
2305 2306 2306 2308 2311 2311 2312 2313 2314 2316 2317 
2317 2319 2320 2325 2329 2329 2334 2336 2341 2341 2344 
2344 2348 2349 2351 2352 2354 2357 2359 2360 2361 2366 
2369 2370 2370 2371 2372 2375 2376 2376 2378 2379 2381 
2382 2383 2384 2384 2384 2385 2386 2387 2387 2390 2390 
2394 2394 2397 2397 2397 2397 2398 2398 2401 2402 2404 
2405 2408 2410 2410 2410 2411 2413 2416 2419 2420 2424 
2424 2425 2425 2427 2429 2433 2435 2437 2438 2438 2439 
2441 2446 2447 2448 2449 2450 2450 2451 2452 2454 2454 
2458 2458 2465 2465 2466 2466 2467 2467 2467 2467 2471 
2472 2475 2475 2477 2478 2480 2480 2480 2481 2481 2484 
2485 2485 2486 2489 2491 2491 2491 2492 2493 2494 2494 
2495 2497 2498 2500 2501 2501 2501 2501 2502 2503 2505 
2505 2507 2508 2510 2513 2513 2515 2518 2521 2525 2526 
2527 2529 2531 2531 2532 2532 2533 2533 2534 2537 2541 
2541 2541 2551 2551 2554 2556 2559 2560 2563 2563 2564 
2565 2566 2570 2572 2574 2576 2576 2577 2578 2579 2580 
2580 2584 2587 2587 2588 2590 2594 2599 2600 2600 2605 
2606 2608 2608 2610 2611 2611 2612 2612 2613 2618 2619 
2624 2625 2627 2631 2633 2635 2637 2639 2641 2642 2644 
2647 2648 2648 2649 2649 2652 2652 2655 2656 2657 2657 
2657 2659 2661 2661 2661 2662 2664 2664 2668 2668 2672 
2672 2673 2674 2675 2676 2677 2679 2680 2682 2686 2687 
2690 2691 2691 2700 2702 2709 2711 2712 2712 2712 2715 
2715 2721 2722 2723 2724 2725 2725 2726 2731 2731 2732 
2733 2734 2740 2740 2741 2747 2749 2752 2753 2754 2754 
2756 2761 2763 2763 2765 2765 2767 2768 2769 2773 2774 
2776 2778 2781 2782 2783 2784 2785 2787 2789 2792 2796 
2796 2798 2799 2800 2801 2805 2808 2809 2810 2810 2811 
2813 2813 2814 2816 2819 2824 2828 2830 2832 2833 2834 
2837 2844 2845 2845 2850 2852 2853 2855 2858 2859 2862 
2866 2869 2873 2874 2874 2874 2875 2875 2878 2879 2882 
2883 2886 2891 2891 2896 2897 2900 2903 2903 2905 2905 
2908 2910 2914 2915 2915 2915 2921 2922 2926 2926 2927 
2930 2931 2936 2940 2941 2944 2945 2946 2947 2952 2955 
2956 2958 2959 2959 2960 2960 2960 2960 2962 2963 2964 
2966 2967 2969 2971 2972 2975 2976 2977 2978 2983 2988 
2989 2994 3000 3002 3003 3003 3003 3006 3006 3008 3009 
3018 3020 3021 3023 3028 3031 3031 3031 3036 3037 3038 
3039 3039 3039 3040 3040 3041 3046 3047 3048 3054 3055 
3059 3064 3065 3066 3070 3070 3071 3072 3075 3075 3075 
3076 3078 3080 3084 3090 3090 3097 3098 3101 3103 3103 
3106 3106 3110 3116 3118 3120 3121 3123 3124 3125 3126 
3127 3128 3131 3134 3134 3141 3141 3141 3141 3142 3142 
3144 3145 3146 3147 3148 3149 3152 3152 3158 3161 3163 
3166 3168 3175 3176 3176 3176 3187 3189 3193 3193 3199 
3199 3200 3201 3202 3202 3204 3209 3213 3213 3219 3222 
3224 3226 3226 3236 3237 3242 3246 3247 3247 3248 3248 
3249 3252 3252 3253 3261 3266 3266 3267 3267 3267 3275 
3276 3277 3279 3281 3287 3289 3289 3291 3292 3293 3296 
3297 3299 3299 3303 3305 3306 3306 3308 3313 3314 3317 
3318 3318 3318 3319 3319 3321 3323 3326 3327 3328 3329 
3331 3334 3334 3335 3335 3335 3345 3348 3349 3349 3358 
3361 3361 3364 3366 3366 3372 3374 3374 3374 3377 3378 
3382 3389 3396 3396 3397 3403 3407 3408 3408 3416 3417 
3418 3424 3424 3424 3431 3431 3434 3434 3435 3437 3439 
3442 3446 3446 3456 3457 3458 3458 3460 3461 3463 3463 
3468 3473 3475 3476 3477 3477 3477 3478 3482 3484 3486 
3487 3487 3490 3490 3490 3495 3497 3499 3501 3503 3507 
3510 3513 3513 3517 3518 3519 3520 3525 3527 3528 3529 
3532 3535 3536 3538 3538 3539 3540 3544 3546 3547 3548 
3548 3549 3552 3552 3557 3561 3563 3565 3566 3566 3567 
3568 3574 3575 3580 3581 3590 3591 3592 3594 3594 3594 
3594 3595 3595 3604 3605 3606 3607 3609 3613 3613 3614 
3615 3616 3620 3622 3625 3628 3629 3629 3630 3631 3634 
3637 3643 3644 3649 3651 3654 3660 3662 3662 3664 3664 
3664 3665 3667 3668 3668 3681 3683 3684 3686 3688 3691 
3697 3698 3700 3702 3702 3705 3706 3710 3713 3715 3716 
3716 3717 3717 3720 3721 3727 3730 3732 3733 3734 3735 
3739 3739 3741 3742 3743 3744 3748 3760 3760 3761 3763 
3763 3763 3764 3765 3766 3766 3767 3768 3768 3771 3771 
3772 3772 3775 3778 3786 3787 3789 3790 3790 3794 3795 
3800 3806 3810 3812 3813 3816 3817 3835 3835 3837 3839 
3840 3844 3847 3848 3850 3851 3852 3854 3858 3858 3859 
3863 3864 3869 3870 3871 3874 3874 3875 3880 3882 3885 
3893 3894 3900 3904 3904 3906 3908 3910 3915 3916 3918 
3918 3919 3921 3922 3930 3934 3937 3944 3944 3944 3945 
3948 3948 3950 3951 3954 3956 3957 3959 3960 3965 3968 
3969 3971 3976 3979 3979 3979 3979 3981 3983 3983 3984 
3987 3989 3992 4003 4006 4007 4008 4012 4013 4019 4019 
4020 4023 4026 4028 4031 4032 4033 4039 4040 4041 4042 
4044 4046 4049 4049 4050 4050 4051 4058 4060 4067 4072 
4073 4077 4078 4080 4084 4087 4087 4088 4088 4091 4093 
4096 4096 4096 4097 4103 4104 4106 4107 4110 4114 4115 
4117 4122 4124 4125 4128 4128 4129 4130 4134 4136 4138 
4138 4138 4139 4140 4140 4145 4147 4152 4154 4154 4156 
4157 4159 4159 4163 4168 4168 4170 4178 4185 4188 4192 
4193 4194 4195 4196 4198 4199 4199 4201 4202 4203 4203 
4203 4204 4206 4209 4212 4213 4220 4221 4222 4225 4225 
4226 4227 4230 4231 4231 4234 4240 4246 4248 4249 4250 
4258 4258 4259 4261 4263 4265 4275 4278 4279 4281 4282 
4282 4286 4288 4288 4289 4291 4295 4297 4302 4305 4306 
4307 4308 4312 4314 4318 4318 4321 4322 4323 4323 4325 
4327 4328 4331 4331 4331 4334 4335 4338 4342 4342 4344 
4346 4350 4350 4352 4354 4354 4363 4371 4372 4372 4373 
4374 4379 4380 4389 4389 4391 4399 4403 4406 4408 4409 
4412 4417 4419 4420 4422 4425 4426 4428 4434 4438 4438 
4442 4443 4446 4447 4448 4450 4454 4456 4457 4457 4458 
4460 4460 4461 4461 4465 4474 4476 4478 4481 4483 4483 
4487 4488 4490 4491 4494 4496 4499 4500 4501 4502 4502 
4505 4506 4507 4510 4515 4517 4520 4522 4522 4525 4525 
4525 4527 4529 4529 4530 4532 4533 4535 4536 4537 4538 
4539 4539 4542 4542 4543 4544 4546 4547 4549 4552 4557 
4557 4558 4559 4562 4563 4564 4565 4566 4573 4578 4579 
4581 4583 4583 4584 4584 4586 4587 4593 4594 4598 4602 
4607 4609 4610 4619 4621 4621 4621 4622 4628 4633 4634 
4635 4644 4645 4645 4645 4646 4658 4659 4665 4666 4668 
4671 4673 4675 4682 4683 4683 4685 4685 4690 4693 4694 
4695 4696 4697 4698 4703 4715 4716 4716 4724 4727 4731 
4732 4732 4734 4736 4737 4739 4739 4744 4744 4746 4749 
4750 4751 4758 4767 4769 4770 4772 4774 4774 4774 4774 
4776 4777 4777 4778 4782 4784 4788 4790 4794 4802 4808 
4809 4809 4811 4811 4811 4817 4817 4821 4834 4838 4840 
4841 4841 4843 4845 4849 4849 4849 4850 4853 4854 4854 
4859 4860 4861 4862 4865 4869 4870 4877 4879 4879 4885 
4885 4894 4894 4899 4903 4907 4907 4915 4916 4918 4919 
4920 4921 4922 4924 4925 4927 4929 4930 4935 4938 4939 
4945 4948 4949 4949 4950 4956 4958 4959 4959 4965 4970 
4975 4975 4976 4977 4978 4980 4981 4983 4983 4984 4986 
4991 4992 4992 4994 4996 4998 5003 5005 5006 5008 5009 
5010 5011 5016 5018 5030 5031 5031 5035 5037 5039 5040 
5042 5043 5046 5048 5057 5058 5063 5071 5077 5080 5083 
5085 5087 5087 5089 5090 5090 5091 5092 5093 5095 5099 
5106 5108 5109 5112 5112 5113 5115 5118 5120 5124 5126 
5127 5127 5128 5128 5134 5136 5138 5140 5140 5142 5142 
5143 5145 5145 5147 5149 5152 5153 5153 5154 5157 5160 
5161 5171 5172 5172 5175 5178 5179 5186 5187 5188 5193 
5193 5196 5197 5197 5200 5202 5202 5203 5203 5206 5207 
5210 5212 5214 5214 5214 5221 5221 5223 5226 5226 5229 
5229 5231 5232 5235 5238 5241 5244 5246 5249 5250 5253 
5254 5258 5260 5260 5260 5266 5266 5271 5279 5281 5282 
5287 5290 5291 5294 5295 5297 5299 5299 5300 5301 5303 
5307 5307 5309 5310 5312 5313 5314 5317 5319 5322 5325 
5327 5328 5332 5338 5339 5341 5342 5344 5345 5347 5348 
5352 5352 5352 5354 5360 5364 5367 5369 5372 5376 5377 
5384 5385 5393 5398 5400 5411 5411 5412 5412 5416 5419 
5423 5426 5428 5428 5432 5433 5434 5435 5438 5442 5445 
5445 5448 5449 5456 5460 5463 5465 5467 5470 5484 5485 
5485 5487 5487 5495 5497 5497 5497 5498 5498 5500 5504 
5510 5519 5521 5522 5522 5524 5525 5526 5534 5534 5534 
5536 5536 5538 5540 5545 5546 5549 5555 5556 5561 5564 
5565 5565 5570 5570 5573 5574 5578 5580 5582 5583 5585 
5587 5593 5593 5593 5595 5598 5601 5603 5605 5605 5605 
5623 5626 5629 5635 5635 5635 5638 5639 5641 5642 5643 
5644 5649 5653 5658 5662 5662 5665 5671 5674 5674 5678 
5682 5688 5689 5690 5692 5700 5701 5703 5711 5711 5713 
5716 5717 5721 5722 5724 5725 5727 5727 5728 5729 5734 
5736 5737 5738 5739 5740 5744 5745 5748 5751 5751 5754 
5755 5757 5762 5762 5762 5765 5772 5774 5777 5781 5784 
5785 5787 5788 5796 5804 5806 5808 5809 5811 5813 5816 
5817 5818 5821 5822 5830 5837 5838 5839 5839 5841 5842 
5843 5844 5851 5855 5857 5858 5861 5862 5866 5867 5873 
5873 5875 5877 5880 5882 5882 5883 5887 5889 5890 5890 
5890 5891 5892 5897 5899 5899 5899 5900 5900 5903 5906 
5909 5910 5913 5913 5915 5917 5918 5924 5924 5927 5932 
5936 5936 5942 5944 5946 5951 5952 5962 5963 5964 5966 
5966 5967 5973 5979 5981 5985 5985 5988 5992 5994 5994 
5994 5994 5997 6000 6002 6003 6007 6008 6008 6010 6011 
6013 6013 6016 6018 6019 6021 6022 6023 6024 6024 6029 
6039 6040 6041 6045 6045 6045 6047 6050 6060 6065 6066 
6070 6074 6075 6075 6076 6078 6079 6080 6086 6086 6087 
6091 6091 6092 6094 6097 6103 6104 6107 6116 6120 6134 
6140 6141 6151 6151 6152 6154 6155 6159 6161 6162 6175 
6184 6190 6190 6192 6192 6194 6194 6195 6196 6204 6204 
6206 6208 6209 6211 6211 6213 6215 6216 6218 6220 6220 
6223 6225 6227 6229 6232 6233 6233 6238 6239 6245 6245 
6247 6251 6256 6258 6258 6265 6266 6266 6267 6268 6268 
6269 6269 6270 6271 6271 6274 6276 6277 6278 6286 6287 
6287 6288 6289 6290 6292 6293 6296 6296 6297 6301 6303 
6305 6306 6307 6311 6312 6312 6313 6316 6318 6323 6323 
6323 6324 6331 6331 6334 6334 6338 6338 6341 6344 6344 
6344 6345 6350 6350 6352 6356 6356 6357 6359 6360 6362 
6364 6366 6366 6373 6373 6374 6375 6376 6376 6376 6376 
6380 6381 6384 6385 6386 6389 6391 6392 6393 6393 6397 
6398 6398 6399 6403 6404 6409 6409 6412 6414 6417 6418 
6421 6425 6429 6430 6430 6430 6431 6441 6444 6450 6451 
6451 6454 6455 6456 6456 6456 6457 6459 6460 6463 6466 
6467 6468 6469 6470 6471 6472 6474 6474 6477 6477 6478 
6479 6480 6481 6482 6483 6483 6483 6484 6486 6489 6493 
6495 6495 6496 6497 6498 6501 6507 6512 6513 6514 6520 
6520 6523 6525 6527 6528 6535 6537 6538 6541 6542 6543 
6546 6548 6549 6552 6555 6556 6558 6560 6562 6565 6571 
6577 6579 6582 6582 6583 6594 6594 6598 6601 6606 6611 
6622 6622 6624 6625 6627 6627 6633 6635 6638 6641 6644 
6646 6649 6650 6651 6651 6654 6654 6655 6657 6660 6663 
6665 6668 6669 6670 6670 6679 6684 6684 6685 6686 6686 
6688 6689 6693 6694 6694 6696 6697 6698 6699 6704 6704 
6706 6709 6713 6715 6716 6719 6719 6720 6723 6723 6727 
6729 6729 6731 6732 6733 6736 6738 6738 6739 6740 6744 
6747 6748 6748 6749 6750 6756 6758 6758 6760 6760 6761 
6761 6763 6764 6765 6769 6770 6773 6773 6776 6777 6777 
6778 6780 6782 6782 6784 6785 6787 6790 6790 6791 6792 
6793 6794 6795 6795 6797 6797 6798 6799 6800 6802 6803 
6803 6806 6808 6808 6809 6810 6815 6818 6821 6822 6825 
6826 6828 6829 6832 6834 6838 6838 6840 6841 6841 6845 
6849 6851 6854 6855 6855 6860 6865 6869 6869 6870 6879 
6886 6886 6887 6889 6898 6899 6900 6902 6902 6908 6909 
6909 6911 6911 6912 6913 6913 6914 6916 6923 6923 6927 
6928 6928 6931 6935 6936 6946 6947 6947 6951 6951 6951 
6953 6955 6955 6958 6958 6962 6965 6967 6967 6969 6971 
6973 6974 6978 6981 6983 6986 6986 6987 6987 6989 6989 
6990 7001 7002 7004 7004 7005 7007 7011 7015 7016 7021 
7024 7026 7031 7031 7034 7035 7039 7043 7043 7044 7046 
7049 7051 7052 7056 7058 7060 7062 7064 7065 7066 7072 
7075 7076 7076 7082 7083 7083 7086 7088 7089 7092 7093 
7097 7098 7099 7100 7101 7105 7107 7108 7108 7109 7110 
7111 7111 7112 7112 7116 7117 7121 7121 7121 7122 7124 
7130 7131 7132 7132 7134 7136 7137 7139 7141 7144 7144 
7151 7152 7154 7155 7157 7157 7158 7165 7166 7167 7169 
7171 7172 7172 7176 7179 7180 7184 7187 7187 7189 7191 
7192 7193 7195 7196 7199 7199 7200 7200 7200 7201 7204 
7207 7207 7208 7215 7217 7218 7219 7222 7222 7224 7228 
7230 7231 7232 7235 7235 7236 7238 7239 7240 7244 7244 
7244 7246 7248 7249 7253 7254 7256 7261 7262 7264 7264 
7265 7265 7269 7269 7269 7273 7275 7275 7275 7277 7277 
7278 7281 7282 7287 7287 7288 7294 7295 7296 7302 7303 
7304 7305 7306 7306 7309 7309 7310 7312 7315 7316 7316 
7321 7321 7324 7329 7338 7342 7343 7347 7349 7352 7354 
7360 7365 7366 7369 7372 7374 7374 7375 7384 7387 7388 
7388 7391 7392 7393 7396 7397 7399 7404 7408 7411 7413 
7414 7418 7418 7421 7423 7423 7424 7425 7426 7428 7431 
7432 7433 7433 7434 7443 7443 7445 7447 7447 7451 7458 
7460 7460 7465 7469 7470 7476 7477 7480 7480 7483 7485 
7486 7487 7488 7488 7488 7489 7490 7492 7495 7496 7497 
7497 7498 7503 7504 7504 7505 7505 7513 7516 7519 7521 
7526 7528 7530 7531 7532 7538 7544 7549 7552 7552 7559 
7561 7563 7563 7566 7566 7568 7573 7573 7574 7575 7581 
7581 7583 7590 7591 7593 7594 7602 7603 7603 7606 7607 
7607 7612 7613 7623 7624 7625 7635 7641 7646 7648 7648 
7649 7649 7651 7651 7651 7653 7656 7663 7664 7667 7668 
7668 7670 7671 7673 7674 7674 7677 7680 7683 7683 7683 
7684 7686 7687 7689 7689 7691 7691 7695 7695 7696 7697 
7699 7699 7703 7704 7706 7707 7708 7710 7716 7717 7718 
7722 7726 7728 7729 7731 7735 7737 7737 7738 7740 7741 
7741 7751 7755 7757 7759 7759 7760 7764 7764 7765 7775 
7777 7777 7779 7782 7783 7786 7786 7786 7788 7794 7796 
7796 7796 7797 7798 7803 7803 7803 7804 7806 7808 7808 
7811 7816 7820 7820 7823 7825 7828 7832 7833 7834 7834 
7839 7839 7840 7841 7860 7864 7865 7872 7874 7876 7880 
7886 7888 7889 7889 7890 7890 7892 7893 7899 7899 7899 
7902 7907 7909 7909 7909 7909 7914 7915 7916 7917 7919 
7920 7920 7923 7924 7928 7929 7931 7932 7933 7933 7935 
7937 7940 7941 7942 7943 7945 7945 7949 7949 7951 7955 
7960 7961 7961 7961 7966 7969 7970 7971 7975 7977 7981 
7987 7988 7989 7991 7992 7994 7995 7996 7996 8000 8009 
8012 8013 8014 8016 8017 8018 8019 8019 8020 8023 8025 
8031 8038 8044 8044 8047 8047 8051 8054 8056 8056 8061 
8063 8068 8074 8079 8081 8085 8087 8089 8092 8092 8096 
8101 8101 8108 8109 8111 8113 8113 8117 8118 8120 8120 
8120 8121 8122 8122 8125 8126 8132 8137 8139 8140 8143 
8144 8144 8147 8148 8149 8154 8154 8155 8155 8157 8158 
8164 8164 8168 8171 8178 8182 8183 8185 8187 8188 8188 
8193 8204 8207 8209 8209 8210 8210 8219 8222 8222 8223 
8224 8225 8226 8227 8228 8230 8230 8231 8232 8232 8233 
8233 8237 8238 8241 8244 8245 8247 8253 8258 8259 8259 
8261 8262 8262 8265 8266 8268 8268 8269 8270 8271 8272 
8272 8275 8275 8278 8283 8285 8286 8290 8291 8293 8295 
8296 8303 8304 8305 8306 8310 8312 8313 8313 8316 8320 
8323 8325 8327 8329 8330 8333 8334 8334 8339 8347 8349 
8360 8361 8361 8363 8369 8375 8375 8378 8379 8383 8384 
8389 8392 8393 8395 8407 8410 8412 8413 8420 8425 8428 
8430 8430 8431 8436 8437 8440 8440 8442 8444 8446 8451 
8453 8462 8462 8465 8465 8468 8470 8472 8473 8473 8475 
8475 8477 8477 8482 8484 8485 8487 8489 8491 8492 8494 
8498 8499 8501 8501 8501 8506 8507 8511 8515 8518 8518 
8530 8531 8538 8545 8555 8555 8557 8565 8566 8567 8568 
8570 8572 8580 8584 8585 8586 8587 8588 8589 8589 8594 
8595 8596 8604 8612 8612 8614 8627 8627 8629 8630 8631 
8637 8645 8646 8647 8648 8652 8654 8657 8658 8659 8660 
8661 8666 8666 8671 8672 8679 8683 8686 8689 8693 8693 
8701 8701 8706 8706 8706 8706 8712 8714 8714 8718 8724 
8733 8733 8735 8735 8737 8738 8739 8747 8749 8749 8750 
8755 8756 8757 8758 8758 8760 8761 8762 8763 8766 8767 
8767 8775 8777 8778 8778 8783 8784 8784 8785 8786 8790 
8790 8791 8793 8796 8797 8798 8800 8801 8802 8804 8807 
8808 8811 8811 8812 8816 8823 8824 8824 8830 8831 8832 
8833 8833 8837 8837 8842 8842 8845 8850 8851 8852 8853 
8854 8854 8855 8857 8861 8862 8865 8865 8867 8868 8869 
8873 8873 8873 8878 8878 8880 8887 8889 8890 8895 8896 
8898 8899 8900 8900 8900 8900 8902 8903 8907 8911 8911 
8916 8917 8917 8924 8927 8927 8928 8929 8931 8934 8939 
8941 8952 8952 8953 8958 8960 8966 8967 8967 8968 8973 
8975 8976 8988 8989 8993 8995 8995 8999 8999 8999 9001 
9002 9006 9006 9007 9012 9013 9014 9016 9020 9020 9021 
9022 9023 9023 9025 9026 9026 9027 9029 9032 9032 9034 
9035 9036 9040 9043 9044 9054 9061 9069 9070 9071 9072 
9074 9076 9076 9084 9094 9097 9099 9100 9101 9102 9106 
9109 9109 9111 9111 9113 9113 9113 9116 9118 9121 9121 
9121 9122 9123 9124 9124 9126 9127 9128 9130 9131 9137 
9143 9143 9144 9146 9152 9160 9164 9168 9172 9179 9181 
9182 9184 9185 9188 9190 9198 9198 9202 9202 9207 9207 
9209 9217 9218 9219 9220 9220 9223 9225 9228 9230 9235 
9236 9237 9241 9245 9249 9249 9251 9263 9265 9274 9274 
9275 9276 9281 9285 9288 9291 9291 9292 9298 9299 9299 
9300 9301 9301 9310 9310 9311 9312 9316 9318 9321 9328 
9331 9332 9338 9338 9341 9342 9344 9346 9347 9354 9355 
9355 9355 9361 9362 9362 9366 9371 9372 9377 9379 9379 
9381 9387 9388 9391 9391 9392 9396 9398 9402 9402 9403 
9407 9409 9411 9411 9414 9418 9418 9418 9421 9423 9425 
9426 9426 9429 9429 9431 9432 9433 9434 9436 9440 9441 
9442 9443 9448 9449 9452 9453 9453 9454 9456 9459 9464 
9465 9465 9465 9467 9468 9469 9469 9471 9471 9471 9474 
9478 9478 9483 9491 9492 9494 9495 9500 9507 9507 9516 
9516 9517 9519 9519 9523 9524 9532 9534 9535 9537 9542 
9548 9551 9551 9552 9553 9556 9556 9558 9560 9561 9561 
9563 9567 9568 9569 9575 9576 9577 9578 9579 9585 9585 
9586 9587 9587 9592 9602 9609 9610 9610 9612 9613 9615 
9616 9617 9618 9619 9619 9631 9634 9637 9639 9641 9642 
9651 9651 9655 9656 9657 9657 9657 9663 9665 9665 9667 
9667 9668 9668 9669 9672 9676 9677 9677 9678 9679 9679 
9680 9681 9684 9685 9691 9691 9693 9695 9711 9713 9719 
9725 9726 9727 9730 9731 9733 9737 9738 9746 9750 9751 
9754 9759 9761 9761 9765 9765 9768 9770 9771 9776 9778 
9783 9792 9792 9795 9796 9800 9803 9803 9805 9806 9807 
9807 9808 9808 9814 9815 9818 9818 9821 9821 9823 9823 
9824 9827 9830 9834 9836 9840 9841 9842 9842 9844 9845 
9846 9847 9849 9850 9863 9864 9865 9867 9868 9868 9871 
9876 9877 9879 9880 9882 9887 9887 9892 9896 9897 9897 
9901 9901 9902 9903 9904 9908 9908 9909 9909 9909 9911 
9912 9917 9919 9922 9922 9922 9923 9924 9924 9927 9928 
9933 9933 9935 9940 9941 9941 9941 9942 9944 9945 9946 
9947 9947 9949 9952 9954 9958 9962 9964 9969 9970 9973 
9976 9984 9986 9992 9993 9999 