1 10 21 22 22 32 44 52 54 54 69 
75 79 87 92 93 102 108 120 123 132 134 
143 147 158 173 174 181 187 190 194 198 201 
201 211 216 236 274 292 311 317 332 359 361 
364 369 374 377 378 384 385 391 393 396 405 
421 461 481 491 497 498 524 535 541 545 561 
565 565 574 579 583 585 594 598 606 614 626 
638 642 648 649 657 658 662 673 687 691 695 
737 737 740 743 746 752 759 764 765 772 781 
796 801 807 807 811 813 824 835 845 852 854 
855 863 863 866 866 870 880 888 896 933 936 
947 952 955 957 965 969 972 995 995 1009 1014 
1020 1023 1030 1051 1052 1053 1058 1090 1109 1110 1122 
1127 1128 1136 1137 1140 1146 1156 1157 1161 1163 1189 
1208 1208 1249 1253 1255 1256 1271 1276 1289 1301 1313 
1358 1371 1373 1381 1404 1414 1428 1451 1460 1464 1467 
1468 1472 1488 1495 1498 1507 1513 1517 1518 1519 1520 
1525 1525 1537 1547 1550 1550 1552 1570 1596 1596 1599 
1600 1603 1605 1606 1609 1612 1632 1643 1659 1689 1709 
1712 1725 1727 1749 1750 1763 1764 1783 1788 1810 1812 
1812 1816 1824 1825 1841 1854 1857 1860 1862 1871 1872 
1872 1881 1889 1897 1898 1900 1915 1929 1939 1948 1962 
1975 1979 1991 1995 2011 2020 2028 2031 2031 2031 2035 
2036 2038 2038 2040 2046 2047 2051 2054 2062 2064 2111 
2114 2116 2118 2127 2128 2133 2149 2151 2153 2164 2171 
2173 2212 2213 2218 2226 2242 2250 2258 2259 2262 2266 
2270 2284 2294 2310 2316 2318 2328 2344 2349 2366 2389 
2414 2458 2462 2465 2465 2466 2485 2493 2507 2522 2551 
2565 2570 2571 2573 2582 2583 2594 2618 2643 2648 2659 
2666 2666 2670 2708 2713 2735 2756 2763 2770 2782 2832 
2835 2871 2872 2924 2925 2926 2934 2937 2945 2946 2949 
2953 2958 2979 2984 2994 3010 3020 3029 3041 3060 3091 
3092 3095 3104 3108 3132 3133 3134 3160 3162 3176 3179 
3196 3223 3228 3229 3230 3237 3247 3261 3280 3294 3298 
3317 3318 3330 3331 3336 3345 3347 3347 3366 3387 3389 
3392 3393 3394 3418 3434 3435 3444 3458 3472 3476 3504 
3510 3526 3526 3563 3567 3567 3584 3591 3596 3610 3632 
3633 3636 3637 3638 3647 3658 3667 3675 3676 3701 3720 
3751 3752 3753 3755 3798 3801 3815 3818 3826 3845 3859 
3862 3865 3873 3875 3876 3887 3888 3903 3922 3931 3936 
3936 3948 4008 4022 4024 4025 4050 4050 4057 4059 4076 
4078 4103 4110 4123 4124 4129 4150 4163 4172 4172 4177 
4180 4188 4192 4200 4211 4212 4219 4238 4241 4249 4251 
4251 4257 4273 4276 4306 4324 4329 4332 4340 4353 4358 
4361 4368 4400 4404 4411 4412 4420 4426 4437 4473 4484 
4502 4503 4546 4546 4579 4581 4596 4619 4621 4634 4650 
4650 4662 4664 4672 4680 4685 4702 4703 4704 4705 4707 
4722 4747 4753 4758 4774 4805 4837 4863 4867 4879 4883 
4894 4897 4901 4931 4931 4939 4947 4949 4956 4958 4958 
4958 4981 4983 4983 4997 5019 5022 5022 5031 5035 5039 
5041 5053 5060 5078 5090 5093 5096 5102 5172 5175 5182 
5186 5191 5203 5218 5230 5234 5243 5255 5282 5283 5287 
5290 5311 5313 5330 5333 5339 5345 5349 5369 5382 5382 
5383 5390 5391 5405 5407 5411 5447 5450 5463 5464 5465 
5471 5478 5506 5514 5531 5534 5546 5562 5564 5582 5595 
5613 5621 5622 5638 5648 5674 5678 5723 5730 5731 5743 
5757 5760 5761 5773 5788 5793 5794 5839 5839 5849 5855 
5858 5873 5885 5889 5895 5900 5934 5961 5979 6007 6021 
6022 6030 6031 6032 6045 6055 6060 6065 6067 6074 6079 
6098 6104 6111 6112 6112 6134 6143 6167 6179 6179 6202 
6207 6212 6256 6256 6259 6296 6297 6302 6303 6303 6319 
6335 6338 6353 6356 6369 6378 6379 6400 6409 6416 6419 
6421 6426 6442 6468 6473 6495 6521 6578 6607 6612 6614 
6646 6656 6666 6680 6683 6692 6704 6707 6712 6721 6722 
6730 6733 6733 6781 6814 6824 6855 6862 6874 6900 6910 
6933 6939 6942 6951 6955 7003 7036 7056 7056 7071 7083 
7083 7084 7085 7085 7102 7115 7123 7126 7140 7142 7152 
7154 7165 7175 7208 7208 7213 7215 7217 7221 7225 7226 
7227 7233 7263 7286 7305 7318 7333 7344 7348 7371 7382 
7411 7415 7437 7446 7452 7460 7474 7475 7483 7487 7496 
7531 7573 7583 7603 7618 7624 7656 7663 7673 7678 7693 
7694 7700 7702 7712 7715 7717 7720 7748 7760 7772 7774 
7785 7795 7811 7828 7830 7835 7846 7875 7876 7877 7879 
7880 7887 7893 7898 7926 7926 7939 7943 7945 7947 7955 
7956 7970 7977 7977 7978 7980 7982 7983 8005 8013 8015 
8025 8034 8035 8037 8050 8054 8060 8071 8087 8100 8113 
8118 8123 8128 8131 8135 8161 8170 8183 8186 8187 8190 
8204 8213 8223 8253 8258 8259 8301 8302 8312 8334 8340 
8349 8361 8364 8391 8403 8411 8415 8419 8422 8426 8426 
8430 8439 8461 8470 8476 8489 8492 8497 8515 8541 8551 
8560 8565 8614 8629 8636 8639 8643 8650 8659 8668 8676 
8710 8720 8727 8731 8737 8745 8771 8772 8777 8810 8814 
8821 8837 8856 8868 8874 8879 8880 8914 8933 8934 8936 
8943 8959 8961 8999 9024 9032 9036 9037 9065 9069 9070 
9078 9080 9092 9121 9125 9126 9132 9134 9168 9173 9223 
9228 9241 9247 9255 9262 9305 9315 9316 9323 9328 9333 
9345 9396 9411 9418 9427 9437 9441 9449 9466 9471 9487 
9491 9502 9503 9516 9542 9583 9598 9615 9619 9627 9650 
9667 9680 9706 9707 9710 9724 9728 9735 9768 9783 9793 
9812 9814 9816 9819 9825 9826 9834 9864 9878 9889 9901 
9913 9924 9926 9940 9952 9954 9960 9962 9968 9980 